1 0.1046875 0.58125 0.05078125 0.11171875
1 0.321875 0.57265625 0.07421875 0.1328125
1 0.23125 0.5703125 0.0578125 0.128125
1 0.51171875 0.76328125 0.11328125 0.1546875
1 0.32890625 0.81328125 0.109375 0.0484375
1 0.08984375 0.39453125 0.09609375 0.096875
1 0.45546875 0.3875 0.06875 0.18671875
1 0.54765625 0.41171875 0.0875 0.125
1 0.734375 0.4046875 0.03984375 0.15390625
1 0.9046875 0.39609375 0.04609375 0.05390625
1 0.7328125 0.59609375 0.10703125 0.13515625
1 0.9171875 0.59765625 0.0875 0.08828125
1 0.878125 0.80859375 0.203125 0.19375
1 0.68984375 0.825 0.12265625 0.165625
1 0.4734375 0.61015625 0.0828125 0.109375
1 0.12109375 0.828125 0.203125 0.15703125
1 0.8953125 0.9390625 0.16015625 0.04921875
1 0.79296875 0.94296875 0.0390625 0.04609375
