0 0.9184615384615384 0.6022222222222222 0.16 0.32
0 0.3346153846153846 0.8 0.05692307692307692 0.06222222222222222
0 0.30986153846153847 0.5066666666666667 0.215 0.27486666666666665
0 0.0853076923076923 0.8148888888888889 0.052261538461538457 0.06737777777777777
0 0.11412307692307694 0.6677111111111111 0.07233846153846155 0.11831111111111112
0 0.17504615384615385 0.7381777777777778 0.08778461538461539 0.05071111111111111
0 0.3305538461538462 0.6875555555555555 0.05993846153846154 0.05202222222222222
0 0.5294615384615384 0.6471555555555556 0.057753846153846156 0.02937777777777778
0 0.5841538461538461 0.6917555555555556 0.06244615384615385 0.05922222222222222
0 0.8679846153846155 0.6058 0.06732307692307692 0.08682222222222222
0 0.9686461538461538 0.5973777777777778 0.06272307692307692 0.10415555555555556
0 0.9486153846153846 0.6983777777777778 0.06527692307692308 0.07026666666666667
0 0.6548153846153846 0.6971333333333333 0.06230769230769231 0.05753333333333333
0 0.4531230769230769 0.607111111111111 0.045246153846153846 0.09968888888888888